image: jackal_race_050.pgm
resolution: 0.050
origin: [-38.560000, -30.240000, 0.000000]
negate: 0
occupied_thresh: 0.65
free_thresh: 0.196
